-42.715000, 68.149000, -15.413000, 31.000000
-42.761000, 68.315000, -15.413000, 15.000000
-42.803000, 68.468000, -15.413000, 6.000000
-42.830000, 68.565000, -15.413000, 0.000000
-42.853000, 68.649000, -15.413000, 6.000000
-42.859000, 68.669000, -15.413000, 0.000000
-42.859000, 68.669000, -15.413000, 0.000000
-42.860000, 68.675000, -15.470000, 0.000000
-42.859000, 68.669000, -15.413000, -3.000000
-42.859000, 68.669000, -15.413000, 0.000000
-42.859000, 68.669000, -15.413000, -3.000000
-42.860000, 68.675000, -15.470000, 3.000000
-42.859000, 68.669000, -15.413000, 0.000000
-42.860000, 68.675000, -15.470000, -3.000000
-42.860000, 68.675000, -15.470000, 3.000000
-42.860000, 68.675000, -15.470000, 6.000000
-42.860000, 68.675000, -15.470000, 0.000000
-42.860000, 68.675000, -15.470000, 0.000000
-42.860000, 68.675000, -15.470000, -3.000000
-42.860000, 68.675000, -15.470000, 3.000000
-42.860000, 68.675000, -15.470000, 0.000000
-42.860000, 68.675000, -15.470000, -3.000000
-42.860000, 68.675000, -15.470000, 0.000000
-42.860000, 68.675000, -15.470000, 3.000000
-42.860000, 68.675000, -15.470000, 0.000000
-42.849000, 68.634000, -15.470000, -859.000000
-42.843000, 68.613000, -15.470000, -933.500000
-42.834000, 68.578000, -15.470000, -961.000000
-42.828000, 68.557000, -15.470000, -951.500000
-42.822000, 68.537000, -15.470000, -951.500000
-42.816000, 68.516000, -15.470000, -948.500000
-42.811000, 68.495000, -15.470000, -945.500000
-42.809000, 68.488000, -15.470000, -948.500000
-42.807000, 68.481000, -15.470000, -954.500000
-42.805000, 68.474000, -15.470000, -951.500000
-42.803000, 68.467000, -15.470000, -945.500000
-42.799000, 68.453000, -15.470000, -1072.000000
-42.795000, 68.439000, -15.470000, -1192.000000
-42.788000, 68.412000, -15.470000, -1256.500000
-42.778000, 68.377000, -15.470000, -1293.500000
-42.770000, 68.349000, -15.470000, -1290.500000
-42.759000, 68.308000, -15.470000, -1293.500000
-42.741000, 68.245000, -15.470000, -1293.500000
-42.730000, 68.204000, -15.470000, -1296.500000
-42.716000, 68.155000, -15.470000, -1395.000000
-42.693000, 68.072000, -15.470000, -1296.500000
-42.680000, 68.022000, -15.527000, -1395.500000
-42.657000, 67.939000, -15.527000, -1407.500000
-42.624000, 67.821000, -15.527000, -1416.500000
-42.591000, 67.703000, -15.527000, -1410.500000
-42.560000, 67.592000, -15.527000, -1416.500000
-42.523000, 67.459000, -15.584000, -1416.500000
-42.490000, 67.341000, -15.642000, -1420.000000
-42.457000, 67.222000, -15.699000, -1426.000000
-42.412000, 67.063000, -15.699000, -1444.500000
-42.377000, 66.938000, -15.699000, -1423.000000
-42.341000, 66.812000, -15.756000, -1419.500000
-42.292000, 66.638000, -15.814000, -1558.500000
-42.251000, 66.493000, -15.814000, -1561.500000
-42.206000, 66.332000, -15.871000, -1429.500000
-42.151000, 66.139000, -15.814000, -1567.500000
-42.105000, 65.979000, -15.871000, -1438.500000
-42.060000, 65.819000, -15.928000, -1454.000000
-42.000000, 65.609000, -16.043000, -1438.500000
-41.958000, 65.463000, -16.100000, -1435.500000
-41.915000, 65.317000, -16.157000, -1423.000000
-41.857000, 65.117000, -16.157000, -1426.000000
-41.817000, 64.977000, -16.215000, -1435.500000
-41.761000, 64.784000, -16.215000, -1432.500000
-41.716000, 64.631000, -16.272000, -1426.000000
-41.673000, 64.485000, -16.329000, -1429.000000
-41.616000, 64.290000, -16.444000, -1429.000000
-41.575000, 64.151000, -16.501000, -1432.000000
-41.515000, 63.950000, -16.558000, -1432.000000
-41.469000, 63.797000, -16.616000, -1453.500000
-41.422000, 63.637000, -16.673000, -1429.000000
-41.361000, 63.436000, -16.730000, -1435.500000
-41.310000, 63.264000, -16.730000, -1444.500000
-41.247000, 63.056000, -16.788000, -1525.000000
-41.193000, 62.877000, -16.788000, -1441.500000
-41.143000, 62.711000, -16.845000, -1441.500000
-41.078000, 62.497000, -16.845000, -1484.500000
-41.029000, 62.337000, -16.960000, -1564.500000
-40.960000, 62.110000, -16.960000, -1580.000000
-40.909000, 61.944000, -17.017000, -1444.500000
-40.855000, 61.765000, -17.017000, -1567.500000
-40.785000, 61.537000, -17.017000, -1481.500000
-40.726000, 61.344000, -17.074000, -1444.500000
-40.662000, 61.136000, -17.131000, -1438.500000
-40.605000, 60.951000, -17.131000, -1444.500000
-40.551000, 60.778000, -17.189000, -1558.500000
-40.475000, 60.530000, -17.189000, -1577.000000
-40.417000, 60.344000, -17.246000, -1447.500000
-40.347000, 60.118000, -17.189000, -1444.500000
-40.289000, 59.932000, -17.189000, -1438.500000
-40.236000, 59.759000, -17.246000, -1432.000000
-40.171000, 59.551000, -17.361000, -1435.000000
-40.117000, 59.378000, -17.418000, -1457.000000
-40.049000, 59.165000, -17.475000, -1512.500000
-39.997000, 58.999000, -17.533000, -1438.000000
-39.943000, 58.826000, -17.590000, -1457.000000
-39.877000, 58.620000, -17.590000, -1453.500000
-39.808000, 58.402000, -17.533000, -1438.500000
-39.752000, 58.224000, -17.475000, -1583.000000
-39.698000, 58.052000, -17.533000, -1441.500000
-39.633000, 57.846000, -17.533000, -1441.500000
-39.580000, 57.680000, -17.590000, -1441.500000
-39.520000, 57.488000, -17.590000, -1580.000000
-39.467000, 57.322000, -17.647000, -1441.500000
-39.397000, 57.103000, -17.647000, -1447.500000
-39.345000, 56.938000, -17.647000, -1429.000000
-39.296000, 56.786000, -17.704000, -1435.500000
-39.233000, 56.587000, -17.704000, -1558.500000
-39.185000, 56.436000, -17.704000, -1432.500000
-39.132000, 56.272000, -17.704000, -1432.000000
-39.068000, 56.072000, -17.762000, -1435.500000
-39.022000, 55.928000, -17.762000, -1432.000000
-38.972000, 55.770000, -17.762000, -1438.500000
-38.908000, 55.571000, -17.762000, -1435.500000
-38.857000, 55.413000, -17.819000, -1432.500000
-38.806000, 55.255000, -17.819000, -1558.000000
-38.739000, 55.044000, -17.762000, -1438.500000
-38.690000, 54.893000, -17.762000, -1435.500000
-38.642000, 54.741000, -17.819000, -1432.500000
-38.578000, 54.543000, -17.762000, -1429.000000
-38.528000, 54.385000, -17.762000, -1570.500000
-38.473000, 54.214000, -17.762000, -1558.500000
-38.406000, 54.008000, -17.819000, -1438.500000
-38.358000, 53.856000, -17.876000, -1475.500000
-38.311000, 53.712000, -17.876000, -1454.000000
-38.253000, 53.533000, -17.934000, -1432.000000
-38.207000, 53.389000, -17.934000, -1472.000000
-38.147000, 53.205000, -17.876000, -1432.500000
-38.099000, 53.054000, -17.876000, -1432.500000
-38.054000, 52.917000, -17.876000, -1429.000000
-37.997000, 52.738000, -17.934000, -1564.500000
-37.952000, 52.601000, -17.934000, -1512.000000
-37.890000, 52.409000, -17.934000, -1435.500000
-37.841000, 52.259000, -17.934000, -1435.000000
-37.795000, 52.115000, -17.934000, -1573.500000
-37.733000, 51.923000, -17.934000, -1429.000000
-37.689000, 51.786000, -17.934000, -1429.500000
-37.629000, 51.601000, -17.934000, -1524.500000
-37.578000, 51.444000, -17.934000, -1460.000000
-37.523000, 51.277000, -18.105000, -1463.000000
-37.455000, 51.071000, -18.564000, -1463.000000
-37.390000, 50.878000, -19.137000, -1475.500000
-37.330000, 50.709000, -19.538000, -1475.000000
-37.264000, 50.525000, -20.054000, -1454.000000
-37.200000, 50.351000, -20.340000, -1490.500000
-37.138000, 50.184000, -20.684000, -1466.000000
-37.058000, 49.976000, -21.085000, -1577.000000
-36.993000, 49.810000, -21.429000, -1453.500000
-36.922000, 49.631000, -21.772000, -1456.500000
-36.862000, 49.480000, -22.002000, -1469.500000
-36.772000, 49.258000, -22.116000, -1453.500000
-36.708000, 49.101000, -22.345000, -1460.000000
-36.642000, 48.943000, -22.689000, -1475.000000
-36.550000, 48.724000, -23.147000, -1512.000000
-36.482000, 48.566000, -23.549000, -1537.000000
-36.412000, 48.407000, -24.007000, -1567.500000
-36.315000, 48.194000, -24.637000, -1472.000000
-36.244000, 48.041000, -25.267000, -1472.500000
-36.174000, 47.895000, -25.955000, -1469.000000
-36.081000, 47.708000, -26.814000, -1469.000000
-36.003000, 47.556000, -27.559000, -1463.000000
-35.933000, 47.424000, -28.304000, -1472.500000
-35.840000, 47.254000, -29.164000, -1432.000000
-35.750000, 47.094000, -29.794000, -1518.500000
-35.687000, 46.986000, -30.424000, -1546.500000
-35.565000, 46.780000, -30.940000, -1558.500000
-35.471000, 46.625000, -31.455000, -1472.000000
-35.379000, 46.476000, -32.028000, -1472.000000
-35.260000, 46.290000, -32.773000, -1472.000000
-35.159000, 46.135000, -33.461000, -1484.500000
-35.064000, 45.994000, -34.206000, -1463.000000
-34.952000, 45.832000, -35.237000, -1469.000000
-34.865000, 45.710000, -35.982000, -1454.000000
-34.765000, 45.574000, -36.669000, -1450.500000
-34.648000, 45.419000, -37.529000, -1460.000000
-34.570000, 45.319000, -38.216000, -1435.000000
-34.468000, 45.190000, -38.560000, -1438.500000
-34.345000, 45.036000, -38.732000, -1435.000000
-34.241000, 44.907000, -38.732000, -1527.500000
-34.119000, 44.755000, -38.732000, -1432.000000
-34.016000, 44.626000, -38.732000, -1669.500000
-33.911000, 44.496000, -38.789000, -1577.000000
-33.775000, 44.327000, -38.847000, -1678.500000
-33.666000, 44.192000, -38.904000, -1690.500000
-33.516000, 44.006000, -39.018000, -1620.000000
-33.397000, 43.860000, -39.076000, -1681.500000
-33.283000, 43.719000, -39.133000, -1586.000000
-33.132000, 43.534000, -39.248000, -1623.000000
-33.013000, 43.388000, -39.305000, -1687.500000
-32.865000, 43.209000, -39.420000, -1687.500000
-32.741000, 43.057000, -39.534000, -1697.000000
-32.615000, 42.905000, -39.706000, -1691.000000
-32.460000, 42.720000, -39.935000, -1651.000000
-32.334000, 42.569000, -40.050000, -1681.500000
-32.174000, 42.379000, -40.279000, -1694.000000
-32.047000, 42.230000, -40.394000, -1635.500000
-31.906000, 42.065000, -40.451000, -1626.500000
-31.732000, 41.861000, -40.565000, -1595.500000
-31.595000, 41.701000, -40.623000, -1688.000000
-31.412000, 41.488000, -40.680000, -1608.000000
-31.270000, 41.323000, -40.737000, -1697.000000
-31.124000, 41.153000, -40.795000, -1669.500000
-30.944000, 40.946000, -40.852000, -1604.500000
-30.793000, 40.771000, -40.909000, -1611.000000
-30.599000, 40.547000, -40.966000, -1697.000000
-30.457000, 40.384000, -40.966000, -1703.000000
-30.267000, 40.165000, -41.081000, -1598.500000
-30.110000, 39.986000, -41.138000, -1651.000000
-29.967000, 39.822000, -41.253000, -1595.500000
-29.767000, 39.594000, -41.253000, -1620.500000
-29.629000, 39.437000, -41.310000, -1681.500000
-29.481000, 39.269000, -41.368000, -1598.500000
-29.333000, 39.101000, -41.368000, -1669.000000
-29.152000, 38.895000, -41.425000, -1700.000000
-28.999000, 38.722000, -41.482000, -1638.500000
-28.813000, 38.511000, -41.482000, -1607.500000
-28.674000, 38.354000, -41.539000, -1654.000000
-28.526000, 38.188000, -41.482000, -1601.500000
-28.387000, 38.031000, -41.539000, -1684.500000
-28.220000, 37.841000, -41.597000, -1435.000000
-28.080000, 37.685000, -41.654000, -1063.000000
-27.961000, 37.550000, -41.654000, -1022.500000
-27.789000, 37.356000, -41.654000, 3.000000
-27.789000, 37.356000, -41.654000, 6.000000
-27.789000, 37.356000, -41.654000, 3.000000
-27.789000, 37.356000, -41.654000, 0.000000
-27.789000, 37.356000, -41.654000, 3.000000
-27.789000, 37.356000, -41.654000, 3.000000
-27.789000, 37.356000, -41.654000, 0.000000
-27.789000, 37.356000, -41.654000, 0.000000
-27.789000, 37.356000, -41.654000, -3.000000
-27.789000, 37.356000, -41.654000, 0.000000
-27.827000, 37.400000, -41.654000, 877.500000
-27.860000, 37.437000, -41.654000, 964.000000
-27.879000, 37.459000, -41.654000, 964.000000
-27.908000, 37.491000, -41.654000, 958.000000
-27.923000, 37.507000, -41.654000, 961.000000
-27.937000, 37.523000, -41.654000, 955.000000
-27.937000, 37.523000, -41.654000, 954.500000
-27.942000, 37.529000, -41.654000, 948.500000
-27.956000, 37.545000, -41.654000, 955.000000
-27.966000, 37.556000, -41.654000, 951.500000
-27.966000, 37.556000, -41.654000, 951.500000
-27.966000, 37.556000, -41.654000, 948.500000
-27.966000, 37.556000, -41.654000, 945.500000
-27.966000, 37.556000, -41.654000, 948.500000
-27.966000, 37.556000, -41.654000, 1038.000000
-27.970000, 37.561000, -41.654000, 1130.500000
-27.985000, 37.577000, -41.654000, 1198.500000
-27.994000, 37.588000, -41.654000, 1201.500000
-28.014000, 37.610000, -41.597000, 1198.000000
-28.033000, 37.632000, -41.597000, 1198.000000
-28.052000, 37.653000, -41.597000, 1195.000000
-28.076000, 37.680000, -41.597000, 1207.500000
-28.096000, 37.702000, -41.539000, 1198.000000
-28.125000, 37.735000, -41.539000, 1204.500000
-28.153000, 37.767000, -41.539000, 1207.500000
-28.178000, 37.795000, -41.482000, 1204.500000
-28.202000, 37.822000, -41.482000, 1204.500000
-28.235000, 37.859000, -41.482000, 1198.000000
-28.264000, 37.892000, -41.482000, 1198.500000
-28.292000, 37.924000, -41.482000, 1204.500000
-28.326000, 37.962000, -41.482000, 1207.500000
-28.358000, 37.999000, -41.539000, 1207.500000
-28.387000, 38.031000, -41.539000, 1204.500000
-28.444000, 38.095000, -41.597000, 1210.500000
-28.473000, 38.128000, -41.539000, 1204.500000
-28.520000, 38.181000, -41.597000, 1213.500000
-28.573000, 38.241000, -41.539000, 1220.000000
-28.621000, 38.295000, -41.539000, 1219.500000
-28.678000, 38.360000, -41.539000, 1204.500000
-28.755000, 38.447000, -41.482000, 1219.500000
-28.813000, 38.512000, -41.425000, 1059.500000
-28.865000, 38.571000, -41.482000, 1158.500000
-28.891000, 38.600000, -41.711000, 1155.000000
-28.912000, 38.624000, -41.998000, 1173.500000
-28.981000, 38.699000, -42.342000, 1216.500000
-29.055000, 38.781000, -42.628000, 1210.500000
-29.149000, 38.882000, -42.972000, 1210.500000
-29.230000, 38.968000, -43.258000, 1204.500000
-29.310000, 39.054000, -43.545000, 1185.500000
-29.410000, 39.158000, -43.946000, 1182.500000
-29.497000, 39.248000, -44.232000, 1182.500000
-29.598000, 39.351000, -44.633000, 1204.000000
-29.686000, 39.439000, -44.977000, 1207.000000
-29.778000, 39.531000, -45.378000, 1210.500000
-29.896000, 39.646000, -45.837000, 1247.500000
-29.985000, 39.732000, -46.180000, 1213.500000
-30.099000, 39.841000, -46.696000, 1210.500000
-30.199000, 39.934000, -47.154000, 1213.500000
-30.309000, 40.036000, -47.613000, 1210.500000
-30.441000, 40.155000, -48.186000, 1213.500000
-30.559000, 40.259000, -48.701000, 1210.500000
-30.709000, 40.390000, -49.274000, 1265.500000
-30.914000, 40.565000, -49.561000, 1272.000000
-31.104000, 40.727000, -49.675000, 1225.500000
-31.247000, 40.848000, -49.675000, 1241.000000
-31.341000, 40.928000, -49.618000, 1225.500000
-31.468000, 41.036000, -49.561000, 1238.000000
-31.572000, 41.125000, -49.504000, 1229.000000
-31.661000, 41.200000, -49.446000, 1223.000000
-31.771000, 41.295000, -49.389000, 1223.000000
-31.858000, 41.370000, -49.389000, 1222.500000
-31.978000, 41.473000, -49.389000, 1226.000000
-32.061000, 41.544000, -49.332000, 1216.500000
-32.154000, 41.624000, -49.332000, 1232.000000
-32.269000, 41.722000, -49.332000, 1229.000000
-32.367000, 41.807000, -49.332000, 1228.500000
-32.498000, 41.919000, -49.332000, 1235.000000
-32.597000, 42.004000, -49.274000, 1235.000000
-32.728000, 42.117000, -49.274000, 1238.000000
-32.831000, 42.206000, -49.274000, 1336.500000
-32.952000, 42.310000, -49.274000, 1327.500000
-33.093000, 42.432000, -49.274000, 1333.500000
-33.214000, 42.536000, -49.217000, 1333.500000
-33.329000, 42.635000, -49.160000, 1333.500000
-33.476000, 42.762000, -49.160000, 1340.000000
-33.607000, 42.875000, -49.160000, 1340.000000
-33.738000, 42.988000, -49.160000, 1340.000000
-33.896000, 43.125000, -49.102000, 1346.000000
-34.027000, 43.239000, -49.102000, 1339.500000
-34.153000, 43.348000, -49.045000, 1339.500000
-34.311000, 43.485000, -48.988000, 1339.500000
-34.431000, 43.590000, -48.931000, 1339.500000
-34.556000, 43.699000, -48.931000, 1336.500000
-34.703000, 43.827000, -48.873000, 1339.500000
-34.829000, 43.937000, -48.816000, 1343.000000
-34.949000, 44.042000, -48.759000, 1333.500000
-35.106000, 44.180000, -48.701000, 1343.000000
-35.221000, 44.280000, -48.644000, 1312.000000
-35.302000, 44.352000, -48.644000, 1253.500000
-35.444000, 44.477000, -48.931000, 1349.000000
-35.649000, 44.655000, -49.045000, 1339.500000
-35.769000, 44.759000, -49.045000, 1321.500000
-35.895000, 44.868000, -48.988000, 1266.000000
-35.954000, 44.919000, -49.045000, 1244.000000
-36.022000, 44.979000, -49.217000, 1256.500000
-36.139000, 45.079000, -49.504000, 1278.000000
-36.262000, 45.183000, -49.790000, 1275.000000
-36.401000, 45.300000, -50.077000, 1275.000000
-36.573000, 45.443000, -50.535000, 1275.500000
-36.707000, 45.552000, -50.936000, 1269.000000
-36.868000, 45.682000, -51.452000, 1266.000000
-37.004000, 45.790000, -51.853000, 1296.500000
-37.124000, 45.883000, -52.254000, 1259.500000
-37.294000, 46.013000, -52.827000, 1268.500000
-37.413000, 46.103000, -53.342000, 1262.500000
-37.596000, 46.238000, -53.973000, 1262.500000
-37.725000, 46.330000, -54.431000, 1269.000000
-37.859000, 46.426000, -54.889000, 1281.000000
-38.036000, 46.549000, -55.348000, 1275.500000
-38.174000, 46.643000, -55.692000, 1268.500000
-38.329000, 46.748000, -56.150000, 1265.500000
-38.462000, 46.837000, -56.436000, 1278.000000
-38.589000, 46.921000, -56.837000, 1265.500000
-38.753000, 47.027000, -57.238000, 1272.000000
-38.862000, 47.097000, -57.640000, 1268.500000
-39.033000, 47.204000, -58.098000, 1265.500000
-39.157000, 47.280000, -58.442000, 1315.000000
-39.275000, 47.352000, -58.785000, 1315.000000
-39.470000, 47.469000, -59.416000, 1324.000000
-39.612000, 47.553000, -59.874000, 1324.000000
-39.737000, 47.625000, -60.275000, 1318.000000
-39.881000, 47.706000, -60.734000, 1318.000000
-40.051000, 47.800000, -61.192000, 1327.000000
-40.190000, 47.876000, -61.593000, 1315.000000
-40.324000, 47.948000, -61.994000, 1503.000000
-40.526000, 48.054000, -62.567000, 1537.000000
-40.686000, 48.136000, -63.025000, 1429.000000
-40.828000, 48.208000, -63.426000, 1534.000000
-41.050000, 48.317000, -64.114000, 1555.000000
-41.230000, 48.403000, -64.687000, 1494.000000
-41.422000, 48.493000, -65.374000, 1460.000000
-41.660000, 48.600000, -66.119000, 1478.000000
-41.848000, 48.682000, -66.750000, 1540.000000
-42.057000, 48.771000, -67.380000, 1562.000000
-42.298000, 48.869000, -68.239000, 1481.500000
-42.481000, 48.941000, -68.927000, 1540.000000
-42.685000, 49.018000, -69.672000, 1555.500000
-42.941000, 49.110000, -70.646000, 1463.000000
-43.134000, 49.176000, -71.391000, 1453.500000
-43.333000, 49.242000, -72.193000, 1530.500000
-43.572000, 49.316000, -73.167000, 1463.000000
-43.780000, 49.378000, -73.969000, 1549.000000
-44.045000, 49.451000, -75.172000, 1549.000000
-44.229000, 49.498000, -75.860000, 1534.000000
-44.427000, 49.547000, -76.604000, 1555.000000
-44.686000, 49.606000, -77.521000, 1546.000000
-44.879000, 49.648000, -78.209000, 1546.000000
-45.139000, 49.700000, -79.125000, 1561.500000
-45.348000, 49.739000, -79.813000, 1555.500000
-45.609000, 49.784000, -80.730000, 1555.500000
-45.812000, 49.816000, -81.417000, 1549.500000
-46.014000, 49.845000, -82.105000, 1543.000000
-46.265000, 49.878000, -82.907000, 1543.000000
-46.542000, 49.911000, -83.423000, 1567.500000
-46.792000, 49.939000, -83.938000, 1534.000000
-46.956000, 49.955000, -84.397000, 1549.500000
-47.120000, 49.971000, -84.855000, 1537.000000
-47.368000, 49.992000, -85.485000, 1598.500000
-47.598000, 50.009000, -85.886000, 1546.000000
-47.922000, 50.031000, -86.287000, 1595.500000
-48.106000, 50.043000, -86.459000, 1595.500000
-48.278000, 50.053000, -86.517000, 1592.500000
-48.515000, 50.068000, -86.517000, 1592.500000
-48.674000, 50.077000, -86.459000, 1589.500000
-48.896000, 50.091000, -86.517000, 1580.000000
-49.061000, 50.101000, -86.517000, 1690.500000
-49.241000, 50.112000, -86.517000, 1694.000000
-49.472000, 50.126000, -86.459000, 1700.500000
-49.673000, 50.139000, -86.459000, 1697.000000
-49.917000, 50.154000, -86.459000, 1700.000000
-50.111000, 50.166000, -86.459000, 1703.500000
-50.369000, 50.182000, -86.517000, 1700.500000
-50.570000, 50.194000, -86.517000, 1700.000000
-50.764000, 50.206000, -86.517000, 1706.500000
-51.016000, 50.221000, -86.517000, 1697.000000
-51.210000, 50.233000, -86.517000, 1703.000000
-51.468000, 50.249000, -86.517000, 1703.500000
-51.656000, 50.260000, -86.459000, 1703.500000
-51.872000, 50.273000, -86.459000, 1703.000000
-52.123000, 50.289000, -86.459000, 1703.500000
-52.375000, 50.305000, -86.459000, 1700.500000
-52.576000, 50.317000, -86.459000, 1691.000000
-52.791000, 50.330000, -86.459000, 1691.000000
-52.950000, 50.340000, -86.402000, 1691.000000
-53.109000, 50.350000, -86.402000, 1690.500000
-53.303000, 50.362000, -86.402000, 1684.500000
-53.461000, 50.372000, -86.402000, 1687.500000
-53.626000, 50.383000, -86.402000, 1687.500000
-53.785000, 50.393000, -86.345000, 1672.500000
-53.887000, 50.399000, -86.230000, 1681.500000
-53.989000, 50.406000, -86.173000, 1678.500000
-54.083000, 50.413000, -86.116000, 1666.500000
-54.148000, 50.417000, -86.116000, 1663.500000
-54.205000, 50.421000, -86.116000, 1660.000000
-54.256000, 50.424000, -86.116000, 1657.000000
-54.320000, 50.429000, -86.116000, 1669.500000
-54.378000, 50.433000, -86.116000, 1657.000000
-54.449000, 50.437000, -86.173000, 1666.500000
-54.512000, 50.442000, -86.230000, 1666.500000
-54.570000, 50.445000, -86.230000, 1660.000000
-54.655000, 50.451000, -86.287000, 1666.500000
-54.727000, 50.456000, -86.287000, 1663.000000
-54.792000, 50.460000, -86.287000, 1666.500000
-54.871000, 50.465000, -86.287000, 1663.000000
-54.927000, 50.469000, -86.345000, 1672.500000
-55.006000, 50.474000, -86.345000, 1666.000000
-55.092000, 50.479000, -86.345000, 1660.000000
-55.150000, 50.483000, -86.345000, 1666.500000
-55.222000, 50.487000, -86.345000, 1663.500000
-55.314000, 50.493000, -86.402000, 1666.500000
-55.387000, 50.498000, -86.345000, 1660.000000
-55.439000, 50.501000, -86.230000, 1660.000000
-55.500000, 50.505000, -86.001000, 1660.000000
-55.553000, 50.509000, -85.829000, 1654.000000
-55.578000, 50.511000, -85.657000, 1651.000000
-55.609000, 50.513000, -85.485000, 1651.000000
-55.639000, 50.516000, -85.428000, 1663.500000
-55.656000, 50.517000, -85.256000, 1660.000000
-55.664000, 50.518000, -85.199000, 1660.500000
-55.665000, 50.518000, -85.142000, 1669.500000
-55.680000, 50.519000, -85.142000, 1663.500000
-55.687000, 50.520000, -85.142000, 1654.000000
-55.688000, 50.520000, -85.084000, 1650.500000
-55.695000, 50.520000, -85.084000, 1650.500000
-55.710000, 50.522000, -85.027000, 1650.500000
-55.718000, 50.522000, -84.970000, 1654.000000
-55.718000, 50.522000, -84.970000, 1648.000000
-55.718000, 50.522000, -84.970000, 1644.500000
-55.718000, 50.522000, -84.970000, 1641.500000
-55.718000, 50.522000, -84.970000, 1641.500000
-55.718000, 50.522000, -84.970000, 1641.500000
-55.718000, 50.522000, -84.970000, 1648.000000
-55.726000, 50.523000, -84.970000, 1644.500000
-55.726000, 50.523000, -84.970000, 1648.000000
-55.726000, 50.523000, -84.970000, 1648.000000
-55.726000, 50.523000, -84.970000, 1648.000000
-55.754000, 50.526000, -84.970000, 1657.000000
-55.762000, 50.526000, -84.912000, 1681.500000
-55.784000, 50.528000, -84.912000, 1737.000000
-55.805000, 50.530000, -84.912000, 12000.000000
-55.835000, 50.533000, -84.855000, 12000.000000
-55.849000, 50.534000, -84.855000, 12000.000000
-55.879000, 50.537000, -84.798000, 12000.000000
-55.915000, 50.540000, -84.798000, 12000.000000
-55.944000, 50.543000, -84.798000, 12000.000000
-55.959000, 50.544000, -84.740000, 12000.000000
-55.988000, 50.547000, -84.683000, 12000.000000
-56.046000, 50.552000, -84.683000, 12000.000000
-56.083000, 50.555000, -84.626000, 12000.000000
-56.147000, 50.562000, -84.626000, 12000.000000
-56.226000, 50.569000, -84.626000, 12000.000000
-56.299000, 50.576000, -84.569000, 12000.000000
-56.399000, 50.585000, -84.569000, 12000.000000
-56.535000, 50.598000, -84.569000, 12000.000000
-56.651000, 50.609000, -84.511000, 12000.000000
-56.737000, 50.618000, -84.511000, 12000.000000
-56.752000, 50.619000, -84.454000, 12000.000000
-56.752000, 50.619000, -84.454000, 12000.000000
-56.758000, 50.620000, -84.511000, 12000.000000
-56.709000, 50.615000, -84.454000, 6.000000
-56.665000, 50.611000, -84.511000, -3.000000
-56.629000, 50.607000, -84.511000, 0.000000
-56.608000, 50.605000, -84.511000, 0.000000
-56.601000, 50.605000, -84.511000, 0.000000
-56.601000, 50.605000, -84.511000, 0.000000
-56.601000, 50.605000, -84.511000, 3.000000
-56.601000, 50.605000, -84.511000, 0.000000
-56.601000, 50.605000, -84.511000, -3.000000
-56.601000, 50.605000, -84.511000, 6.000000
-56.601000, 50.605000, -84.511000, -3.000000
-56.601000, 50.605000, -84.511000, -6.000000
-56.607000, 50.605000, -84.569000, 3.000000
-56.601000, 50.605000, -84.511000, -3.000000
-56.601000, 50.605000, -84.511000, 0.000000
-56.601000, 50.605000, -84.511000, 0.000000
-56.601000, 50.605000, -84.511000, -6.000000
-56.429000, 50.588000, -84.511000, 0.000000
-56.429000, 50.588000, -84.511000, 3.000000
-56.429000, 50.588000, -84.511000, 3.000000
-56.429000, 50.588000, -84.511000, -3.000000
-56.429000, 50.588000, -84.511000, 0.000000
-56.429000, 50.588000, -84.511000, 0.000000
-56.429000, 50.588000, -84.511000, -3.000000
-56.429000, 50.588000, -84.511000, 6.000000
-56.429000, 50.588000, -84.511000, 3.000000
-56.429000, 50.588000, -84.511000, 0.000000
-56.421000, 50.587000, -84.511000, -3.000000
-56.407000, 50.586000, -84.511000, -6.000000
-56.400000, 50.585000, -84.511000, 3.000000
-56.400000, 50.585000, -84.511000, 0.000000
-56.400000, 50.585000, -84.511000, 0.000000
-56.386000, 50.584000, -84.511000, 3.000000
-56.386000, 50.584000, -84.511000, 0.000000
-56.386000, 50.584000, -84.511000, -3.000000
-56.386000, 50.584000, -84.511000, 3.000000
-56.386000, 50.584000, -84.511000, 0.000000
-56.386000, 50.584000, -84.511000, 0.000000
-56.215000, 50.567000, -84.454000, -912.000000
-56.063000, 50.553000, -84.511000, -979.000000
-55.928000, 50.540000, -84.454000, -970.000000
-55.878000, 50.535000, -84.454000, -1216.500000
-55.799000, 50.527000, -84.454000, -1253.500000
-55.713000, 50.519000, -84.454000, -1389.000000
-55.620000, 50.510000, -84.454000, -1460.000000
-55.448000, 50.493000, -84.454000, -1466.000000
-55.282000, 50.477000, -84.511000, -1503.000000
-55.024000, 50.452000, -84.511000, -1515.500000
-54.810000, 50.432000, -84.454000, -1512.000000
-54.588000, 50.410000, -84.454000, -1518.500000
-54.294000, 50.382000, -84.454000, -1534.000000
-54.036000, 50.356000, -84.454000, -1564.500000
-53.693000, 50.323000, -84.397000, -1580.000000
-53.415000, 50.295000, -84.339000, -1583.000000
-53.108000, 50.265000, -84.282000, -1586.000000
-52.737000, 50.227000, -84.167000, -1573.500000
-52.451000, 50.198000, -84.110000, -1574.000000
-52.094000, 50.161000, -84.053000, -1589.000000
-51.802000, 50.130000, -83.996000, -1574.000000
-51.537000, 50.103000, -83.996000, -1583.000000
-51.180000, 50.065000, -83.938000, -1583.500000
-50.808000, 50.025000, -83.881000, -1580.000000
-50.544000, 49.997000, -83.881000, -1589.000000
-50.250000, 49.965000, -83.881000, -1580.000000
-49.871000, 49.925000, -83.881000, -1608.000000
-49.576000, 49.893000, -83.938000, -1592.500000
-49.325000, 49.867000, -83.996000, -1460.000000
-49.016000, 49.834000, -84.053000, -1349.000000
-48.766000, 49.808000, -83.996000, -1340.000000
-48.551000, 49.786000, -83.996000, -1324.500000
-48.300000, 49.759000, -84.053000, -1327.500000
-48.114000, 49.740000, -84.053000, -1312.000000
-47.919000, 49.720000, -84.110000, -1312.000000
-47.711000, 49.698000, -84.167000, -1312.000000
-47.533000, 49.680000, -84.110000, -1303.000000
-47.368000, 49.663000, -84.110000, -1302.500000
-47.195000, 49.645000, -84.167000, -1303.000000
-47.045000, 49.630000, -84.167000, -1293.500000
-46.887000, 49.614000, -84.167000, -1306.000000
-46.700000, 49.595000, -84.225000, -1099.500000
-46.563000, 49.581000, -84.282000, -979.500000
-46.447000, 49.570000, -84.339000, -967.000000
-46.340000, 49.559000, -84.339000, -957.500000
-46.254000, 49.550000, -84.339000, -865.500000
-46.162000, 49.541000, -84.282000, -853.000000
-46.076000, 49.533000, -84.282000, -859.500000
-45.968000, 49.522000, -84.282000, -865.500000
-45.868000, 49.512000, -84.282000, -856.000000
-45.824000, 49.507000, -84.339000, -52.500000
-45.817000, 49.507000, -84.339000, 0.000000
-45.817000, 49.507000, -84.339000, 0.000000
-45.817000, 49.507000, -84.339000, -3.000000
-45.817000, 49.507000, -84.339000, 0.000000
-45.817000, 49.507000, -84.339000, 3.000000
-45.811000, 49.506000, -84.282000, 3.000000
-45.811000, 49.506000, -84.282000, 3.000000
-45.817000, 49.507000, -84.339000, 0.000000
-45.811000, 49.506000, -84.282000, 0.000000
-45.811000, 49.506000, -84.282000, -3.000000
-45.811000, 49.506000, -84.282000, 3.000000
-45.811000, 49.506000, -84.282000, 0.000000
-45.811000, 49.506000, -84.282000, 3.000000
-45.811000, 49.506000, -84.282000, 6.000000
-45.811000, 49.506000, -84.282000, 3.000000
-45.811000, 49.506000, -84.282000, -3.000000
-45.811000, 49.506000, -84.282000, 0.000000
-45.811000, 49.506000, -84.282000, 0.000000
-45.811000, 49.506000, -84.282000, 0.000000
-45.811000, 49.506000, -84.282000, 6.000000
-45.811000, 49.506000, -84.282000, 0.000000
-45.811000, 49.506000, -84.282000, 3.000000
-45.811000, 49.506000, -84.282000, 0.000000
-45.811000, 49.506000, -84.282000, 0.000000
-45.811000, 49.506000, -84.282000, -3.000000
-45.811000, 49.506000, -84.282000, -3.000000
-45.811000, 49.506000, -84.282000, 0.000000
-45.811000, 49.506000, -84.282000, 0.000000
-45.811000, 49.506000, -84.282000, 0.000000
-45.811000, 49.506000, -84.282000, 0.000000
-45.811000, 49.506000, -84.282000, 0.000000
-45.817000, 49.507000, -84.339000, 3.000000
-45.817000, 49.507000, -84.339000, -6.000000
-45.811000, 49.506000, -84.282000, -3.000000
-45.811000, 49.506000, -84.282000, 0.000000
-45.817000, 49.507000, -84.339000, 0.000000
-45.817000, 49.507000, -84.339000, 0.000000
-45.817000, 49.507000, -84.339000, 3.000000
-45.823000, 49.507000, -84.397000, 0.000000
-45.817000, 49.507000, -84.339000, 0.000000
-45.804000, 49.505000, -84.225000, 3.000000
-45.804000, 49.505000, -84.225000, 0.000000
-45.811000, 49.506000, -84.282000, 0.000000
-45.811000, 49.506000, -84.282000, 0.000000
-45.811000, 49.506000, -84.282000, 0.000000
-45.811000, 49.506000, -84.282000, 0.000000
-45.811000, 49.506000, -84.282000, 0.000000
-45.811000, 49.506000, -84.282000, 0.000000
-45.811000, 49.506000, -84.282000, 0.000000
-45.811000, 49.506000, -84.282000, 0.000000
-45.811000, 49.506000, -84.282000, 3.000000
-45.811000, 49.506000, -84.282000, 0.000000
-45.811000, 49.506000, -84.282000, 0.000000
-45.811000, 49.506000, -84.282000, 3.000000
-45.811000, 49.506000, -84.282000, 3.000000
-45.811000, 49.506000, -84.282000, -3.000000
-45.811000, 49.506000, -84.282000, 3.000000
-45.804000, 49.505000, -84.225000, -3.000000
-45.811000, 49.506000, -84.282000, 3.000000
-45.811000, 49.506000, -84.282000, -3.000000
-45.804000, 49.505000, -84.225000, 0.000000
-45.804000, 49.505000, -84.225000, 3.000000
-45.849000, 49.510000, -84.110000, 6.000000
-45.067000, 49.881000, -181.857000, 690.000000
-45.066000, 49.852000, -181.857000, 828.500000
-45.065000, 49.816000, -181.857000, 924.000000
-45.065000, 49.794000, -181.857000, 933.000000
-45.064000, 49.766000, -181.857000, 918.000000
-45.063000, 49.743000, -181.800000, 930.000000
-45.062000, 49.729000, -181.800000, 924.000000
-45.062000, 49.715000, -181.857000, 917.500000
-45.061000, 49.679000, -181.857000, 1022.500000
-45.060000, 49.665000, -181.857000, 1019.500000
-45.060000, 49.657000, -181.800000, 1133.000000
-45.060000, 49.642000, -181.800000, 1155.000000
-45.059000, 49.613000, -181.800000, 1198.500000
-45.058000, 49.599000, -181.800000, 1155.000000
-45.057000, 49.570000, -181.800000, 1244.500000
-45.057000, 49.549000, -181.800000, 1268.500000
-45.056000, 49.513000, -181.800000, 1318.500000
-45.055000, 49.484000, -181.800000, 1358.500000
-45.053000, 49.441000, -181.800000, 1601.500000
-45.052000, 49.383000, -181.800000, 1620.500000
-45.050000, 49.333000, -181.800000, 1715.500000
-45.047000, 49.254000, -181.800000, 1811.000000
-45.044000, 49.131000, -181.800000, 1919.000000
-45.039000, 48.995000, -181.800000, 2039.000000
-45.035000, 48.857000, -181.742000, 2054.500000
-45.030000, 48.684000, -181.742000, 2057.500000
-45.023000, 48.447000, -181.742000, 2066.500000
-45.017000, 48.252000, -181.742000, 2174.500000
-45.008000, 47.949000, -181.685000, 2260.500000
-45.001000, 47.711000, -181.628000, 2180.500000
-44.993000, 47.452000, -181.628000, 2196.000000
-44.986000, 47.171000, -181.628000, 2180.500000
-44.976000, 46.810000, -181.570000, 2193.000000
-44.968000, 46.522000, -181.570000, 2186.500000
-44.960000, 46.227000, -181.570000, 2189.500000
-44.949000, 45.832000, -181.570000, 2199.500000
-44.941000, 45.528000, -181.513000, 2199.000000
-44.933000, 45.218000, -181.456000, 2239.000000
-44.923000, 44.814000, -181.398000, 2199.500000
-44.915000, 44.483000, -181.398000, 2202.500000
-44.907000, 44.151000, -181.341000, 2211.500000
-44.897000, 43.754000, -181.284000, 2199.500000
-44.890000, 43.436000, -181.227000, 2192.500000
-44.884000, 43.127000, -181.227000, 2196.000000
-44.875000, 42.709000, -181.227000, 2189.500000
-44.868000, 42.392000, -181.169000, 2297.500000
-44.862000, 42.068000, -181.169000, 2211.500000
-44.853000, 41.665000, -181.169000, 2214.500000
-44.846000, 41.326000, -181.169000, 2196.000000
-44.840000, 40.994000, -181.112000, 2202.500000
-44.832000, 40.576000, -181.055000, 2205.500000
-44.826000, 40.237000, -180.997000, 2208.500000
-44.820000, 39.913000, -180.997000, 2202.500000
-44.813000, 39.494000, -180.940000, 2202.500000
-44.807000, 39.170000, -180.940000, 2205.500000
-44.802000, 38.838000, -180.883000, 2202.500000
-44.796000, 38.426000, -180.768000, 2202.500000
-44.792000, 38.080000, -180.768000, 2205.000000
-44.786000, 37.641000, -180.768000, 2202.500000
-44.781000, 37.290000, -180.883000, 2205.500000
-44.775000, 36.945000, -180.883000, 2186.500000
-44.769000, 36.482000, -180.768000, 2223.500000
-44.764000, 36.100000, -180.711000, 2254.500000
-44.759000, 35.666000, -180.596000, 2294.500000
-44.755000, 35.305000, -180.539000, 2245.500000
-44.752000, 34.938000, -180.539000, 2239.500000
-44.748000, 34.490000, -180.424000, 2248.500000
-44.745000, 34.144000, -180.424000, 2269.500000
-44.742000, 33.682000, -180.367000, 2217.500000
-44.740000, 33.330000, -180.367000, 2227.000000
-44.738000, 32.984000, -180.367000, 2236.000000
-44.735000, 32.522000, -180.310000, 2239.500000
-44.733000, 32.162000, -180.310000, 2251.500000
-44.731000, 31.693000, -180.195000, 2269.500000
-44.730000, 31.347000, -180.195000, 2264.000000
-44.729000, 30.987000, -180.195000, 2254.500000
-44.727000, 30.540000, -180.138000, 2266.500000
-44.726000, 30.172000, -180.138000, 2242.500000
-44.726000, 29.682000, -180.081000, 2171.500000
-44.725000, 29.280000, -180.138000, 2233.000000
-44.724000, 28.956000, -180.138000, 2159.000000
-44.724000, 28.534000, -179.909000, 2149.500000
-44.725000, 28.165000, -179.794000, 2128.000000
-44.727000, 27.711000, -179.737000, 2106.500000
-44.728000, 27.365000, -179.737000, 2109.500000
-44.730000, 27.048000, -179.680000, 2106.500000
-44.732000, 26.616000, -179.680000, 2119.000000
-44.735000, 26.177000, -179.737000, 2106.500000
-44.736000, 25.867000, -179.680000, 2115.500000
-44.738000, 25.514000, -179.680000, 2112.500000
-44.741000, 25.089000, -179.680000, 2115.500000
-44.742000, 24.780000, -179.680000, 2109.500000
-44.745000, 24.347000, -179.622000, 2122.000000
-44.747000, 23.980000, -179.622000, 2115.500000
-44.750000, 23.627000, -179.622000, 2125.500000
-44.752000, 23.295000, -179.565000, 2128.000000
-44.755000, 22.876000, -179.508000, 2122.500000
-44.758000, 22.531000, -179.508000, 2115.500000
-44.761000, 22.200000, -179.508000, 2119.000000
-44.765000, 21.774000, -179.450000, 2115.500000
-44.768000, 21.435000, -179.450000, 2106.500000
-44.772000, 21.104000, -179.450000, 2115.500000
-44.776000, 20.686000, -179.393000, 2109.500000
-44.779000, 20.361000, -179.336000, 2109.500000
-44.783000, 20.037000, -179.336000, 2109.500000
-44.788000, 19.626000, -179.278000, 2109.500000
-44.792000, 19.287000, -179.278000, 2125.500000
-44.796000, 18.949000, -179.278000, 2106.500000
-44.801000, 18.546000, -179.278000, 2128.500000
-44.806000, 18.215000, -179.278000, 2112.500000
-44.810000, 17.884000, -179.336000, 2097.500000
-44.815000, 17.460000, -179.336000, 2103.500000
-44.819000, 17.106000, -179.278000, 2152.500000
-44.825000, 16.660000, -179.278000, 2119.000000
-44.829000, 16.321000, -179.278000, 2104.000000
-44.833000, 15.982000, -179.221000, 2079.000000
-44.840000, 15.520000, -179.164000, 2101.000000
-44.845000, 15.190000, -179.221000, 1872.500000
-44.850000, 14.794000, -179.221000, 1863.500000
-44.854000, 14.477000, -179.164000, 1884.500000
-44.859000, 14.160000, -179.164000, 1922.000000
-44.864000, 13.778000, -179.164000, 1922.000000
-44.868000, 13.483000, -179.164000, 1925.000000
-44.874000, 13.130000, -179.164000, 1894.000000
-44.878000, 12.864000, -179.164000, 1900.500000
-44.882000, 12.583000, -179.164000, 1913.000000
-44.887000, 12.244000, -179.107000, 1888.000000
-44.891000, 11.956000, -179.107000, 1925.000000
-44.898000, 11.566000, -179.049000, 1928.000000
-44.902000, 11.288000, -179.164000, 1910.000000
-44.905000, 11.051000, -179.221000, 1943.500000
-44.910000, 10.733000, -179.164000, 1860.500000
-44.914000, 10.474000, -179.164000, 1845.000000
-44.919000, 10.149000, -179.107000, 1872.500000
-44.923000, 9.904000, -179.049000, 1860.500000
-44.927000, 9.665000, -178.992000, 1860.500000
-44.932000, 9.355000, -178.992000, 1866.500000
-44.937000, 9.097000, -179.049000, 1863.500000
-44.942000, 8.760000, -179.107000, 1878.500000
-44.946000, 8.499000, -178.992000, 1860.500000
-44.951000, 8.240000, -178.992000, 1857.500000
-44.957000, 7.909000, -178.992000, 1860.500000
-44.962000, 7.635000, -178.992000, 1860.500000
-44.967000, 7.311000, -178.992000, 1851.000000
-44.972000, 7.037000, -178.935000, 1851.000000
-44.977000, 6.749000, -178.935000, 1857.500000
-44.984000, 6.383000, -178.992000, 1882.000000
-44.989000, 6.123000, -178.992000, 1866.500000
-44.995000, 5.755000, -178.935000, 1897.000000
-45.002000, 5.395000, -178.877000, 1916.000000
-45.007000, 5.134000, -178.820000, 1847.500000
-45.013000, 4.875000, -178.820000, 1863.500000
-45.018000, 4.603000, -178.877000, 1913.000000
-45.025000, 4.257000, -178.877000, 1919.000000
-45.030000, 3.984000, -178.877000, 1885.000000
-45.036000, 3.703000, -178.877000, 1922.000000
-45.043000, 3.351000, -178.935000, 1958.500000
-45.047000, 3.080000, -179.049000, 1903.500000
-45.052000, 2.800000, -179.107000, 1869.500000
-45.058000, 2.460000, -179.049000, 1866.500000
-45.063000, 2.158000, -179.049000, 1919.000000
-45.067000, 1.870000, -179.049000, 1875.500000
-45.073000, 1.510000, -179.049000, 1913.000000
-45.077000, 1.265000, -178.992000, 1909.500000
-45.082000, 1.033000, -178.935000, 1863.500000
-45.088000, 0.702000, -178.935000, 1848.000000
-45.093000, 0.443000, -178.935000, 1860.500000
-45.098000, 0.190000, -178.877000, 1752.500000
-45.104000, -0.106000, -178.820000, 1595.500000
-45.108000, -0.322000, -178.820000, 1099.500000
-45.112000, -0.522000, -178.877000, 1007.500000
-45.120000, -0.917000, -178.935000, 15.500000
-45.512000, -0.639000, -56.035000, -12.500000
-45.536000, -0.623000, -56.035000, 893.000000
-45.579000, -0.594000, -55.921000, 1019.500000
-45.613000, -0.571000, -55.634000, 1229.000000
-45.708000, -0.505000, -55.176000, 1262.500000
-45.791000, -0.447000, -54.717000, 1259.500000
-45.874000, -0.388000, -54.202000, 1342.500000
-45.992000, -0.301000, -53.629000, 1352.000000
-46.091000, -0.228000, -53.170000, 1481.500000
-46.212000, -0.136000, -52.655000, 1460.000000
-46.301000, -0.067000, -51.967000, 1494.000000
-46.469000, 0.065000, -51.222000, 1472.000000
-46.612000, 0.182000, -50.535000, 1475.500000
-46.748000, 0.296000, -49.790000, 1481.500000
-46.930000, 0.452000, -48.816000, 1478.000000
-47.087000, 0.591000, -47.842000, 1481.500000
-47.247000, 0.739000, -46.868000, 1481.500000
-47.444000, 0.928000, -45.607000, 1481.500000
-47.600000, 1.084000, -44.462000, 1488.000000
-47.769000, 1.260000, -43.201000, 1558.500000
-47.962000, 1.471000, -41.597000, 1567.500000
-48.114000, 1.646000, -40.222000, 1568.000000
-48.271000, 1.837000, -38.732000, 1525.000000
-48.446000, 2.064000, -36.669000, 1558.500000
-48.580000, 2.249000, -35.065000, 1580.000000
-48.725000, 2.462000, -33.403000, 1583.000000
-48.891000, 2.724000, -31.169000, 1506.000000
-49.000000, 2.912000, -29.335000, 1586.500000
-49.109000, 3.113000, -27.731000, 1552.500000
-49.257000, 3.406000, -25.726000, 1564.500000
-49.355000, 3.615000, -24.408000, 1537.000000
-49.431000, 3.788000, -23.434000, 1626.000000
-49.543000, 4.050000, -22.746000, 1491.000000
-49.633000, 4.265000, -22.575000, 1561.500000
-49.718000, 4.472000, -22.517000, 1518.500000
-49.820000, 4.718000, -22.517000, 1515.500000
-49.892000, 4.891000, -22.517000, 693.000000
-49.992000, 5.133000, -22.345000, -12.500000
-50.224000, 5.752000, 27.330000, 132.500000
-50.395000, 5.457000, 31.513000, -881.000000
-50.452000, 5.365000, 31.513000, -859.500000
-50.467000, 5.341000, 31.513000, -850.000000
-50.475000, 5.328000, 31.513000, -853.000000
-50.497000, 5.291000, 31.513000, -890.000000
-50.505000, 5.279000, 31.513000, -951.500000
-50.520000, 5.255000, 31.513000, -957.500000
-50.535000, 5.229000, 31.455000, -964.000000
-50.546000, 5.211000, 31.455000, -958.000000
-50.558000, 5.192000, 31.455000, -958.000000
-50.569000, 5.174000, 31.455000, -954.500000
-50.580000, 5.156000, 31.455000, -958.000000
-50.588000, 5.142000, 31.398000, -964.000000
-50.600000, 5.124000, 31.398000, -951.500000
-50.611000, 5.106000, 31.398000, -961.000000
-50.622000, 5.087000, 31.398000, -954.500000
-50.641000, 5.056000, 31.398000, -1041.000000
-50.652000, 5.038000, 31.398000, -958.000000
-50.671000, 5.007000, 31.398000, -1053.500000
-50.697000, 4.964000, 31.398000, -964.000000
-50.720000, 4.927000, 31.398000, -1063.000000
-50.742000, 4.890000, 31.398000, -1056.500000
-50.768000, 4.847000, 31.398000, -1063.000000
-50.802000, 4.792000, 31.398000, -1056.500000
-50.825000, 4.755000, 31.398000, -958.000000
-50.843000, 4.725000, 31.398000, -1059.500000
-50.870000, 4.682000, 31.398000, -1059.500000
-50.888000, 4.651000, 31.398000, -1007.000000
-50.907000, 4.620000, 31.398000, -1065.500000
-50.937000, 4.571000, 31.398000, -967.000000
-50.956000, 4.540000, 31.398000, -961.000000
-50.978000, 4.503000, 31.398000, -1053.500000
-51.001000, 4.466000, 31.398000, -958.000000
-51.023000, 4.430000, 31.398000, -1053.500000
-51.042000, 4.399000, 31.398000, -970.000000
-51.072000, 4.350000, 31.398000, -1059.500000
-51.095000, 4.313000, 31.398000, -1059.500000
-51.117000, 4.276000, 31.398000, -1059.500000
-51.151000, 4.221000, 31.398000, -1056.500000
-51.185000, 4.165000, 31.398000, -1059.500000
-51.211000, 4.122000, 31.398000, -1072.000000
-51.245000, 4.067000, 31.398000, -1062.500000
-51.271000, 4.024000, 31.398000, -1026.000000
-51.293000, 3.987000, 31.398000, -1035.000000
-51.320000, 3.944000, 31.398000, -1059.500000
-51.346000, 3.901000, 31.398000, -1062.500000
-51.384000, 3.840000, 31.398000, -1068.500000
-51.410000, 3.797000, 31.398000, -1066.000000
-51.432000, 3.760000, 31.398000, -1072.000000
-51.474000, 3.692000, 31.398000, -964.000000
-51.500000, 3.649000, 31.398000, -1056.500000
-51.541000, 3.582000, 31.398000, -1065.500000
-51.564000, 3.544000, 31.341000, -1068.500000
-51.601000, 3.483000, 31.398000, -1078.000000
-51.635000, 3.428000, 31.398000, -967.000000
-51.654000, 3.396000, 31.341000, -1056.500000
-51.695000, 3.329000, 31.341000, -1056.500000
-51.718000, 3.292000, 31.341000, -961.000000
-51.740000, 3.255000, 31.341000, -967.000000
-51.778000, 3.193000, 31.341000, -1059.500000
-51.808000, 3.144000, 31.341000, -1059.500000
-51.849000, 3.077000, 31.341000, -964.000000
-51.879000, 3.027000, 31.341000, -1041.500000
-51.909000, 2.977000, 31.283000, -964.000000
-51.943000, 2.922000, 31.283000, -1007.000000
-51.976000, 2.867000, 31.283000, -979.500000
-52.010000, 2.811000, 31.283000, -1059.500000
-52.033000, 2.773000, 31.226000, -1062.500000
-52.059000, 2.730000, 31.226000, -1059.500000
-52.089000, 2.681000, 31.226000, -973.000000
-52.115000, 2.638000, 31.226000, -1035.000000
-52.152000, 2.576000, 31.226000, -1053.500000
-52.182000, 2.527000, 31.226000, -964.000000
-52.216000, 2.472000, 31.226000, -1019.500000
-52.249000, 2.416000, 31.226000, -1075.000000
-52.276000, 2.373000, 31.169000, -1062.500000
-52.317000, 2.305000, 31.169000, -1056.500000
-52.354000, 2.243000, 31.169000, -1072.000000
-52.380000, 2.200000, 31.169000, -1071.500000
-52.421000, 2.132000, 31.169000, -1065.500000
-52.444000, 2.095000, 31.169000, -1059.500000
-52.466000, 2.058000, 31.169000, -1062.500000
-52.496000, 2.009000, 31.169000, -1065.500000
-52.522000, 1.966000, 31.169000, -1062.500000
-52.556000, 1.910000, 31.169000, -1074.500000
-52.585000, 1.861000, 31.169000, -1062.500000
-52.606000, 1.827000, 31.341000, -1241.500000
-52.613000, 1.815000, 31.398000, -1290.500000
-52.616000, 1.810000, 31.455000, -1284.500000
-52.620000, 1.805000, 31.513000, -1284.500000
-52.620000, 1.805000, 31.513000, -1281.000000
-52.620000, 1.805000, 31.513000, -1278.000000
-52.620000, 1.805000, 31.513000, -1278.000000
-52.620000, 1.805000, 31.513000, -1281.500000
-52.620000, 1.805000, 31.513000, -1287.500000
-52.620000, 1.805000, 31.513000, -1278.000000
-52.620000, 1.805000, 31.513000, -1281.500000
-52.620000, 1.805000, 31.513000, -1284.500000
-52.620000, 1.805000, 31.513000, -1284.500000
-52.620000, 1.805000, 31.513000, -1281.000000
-52.620000, 1.805000, 31.513000, -1278.000000
-52.620000, 1.805000, 31.513000, -1284.500000
-52.620000, 1.805000, 31.513000, -1281.500000
-52.620000, 1.805000, 31.513000, -1281.500000
-52.620000, 1.805000, 31.513000, -1275.000000
-52.620000, 1.805000, 31.513000, -1281.000000
-52.620000, 1.805000, 31.513000, -1284.500000
-52.620000, 1.805000, 31.513000, -1284.500000
-52.620000, 1.805000, 31.513000, -1284.500000
-52.620000, 1.805000, 31.513000, -1284.500000
-52.620000, 1.805000, 31.513000, -1281.500000
-52.620000, 1.805000, 31.513000, -1287.500000
-52.620000, 1.805000, 31.513000, -1287.500000
-52.620000, 1.805000, 31.513000, -1287.500000
-52.620000, 1.805000, 31.513000, -1284.500000
-52.620000, 1.805000, 31.513000, -1284.500000
-52.620000, 1.805000, 31.513000, -1284.500000
-52.620000, 1.805000, 31.513000, -1287.500000
-52.620000, 1.805000, 31.513000, -1284.500000
-52.620000, 1.805000, 31.513000, -1287.500000
-52.620000, 1.805000, 31.513000, -1278.500000
-52.620000, 1.805000, 31.513000, -1281.500000
-52.620000, 1.805000, 31.513000, -1284.500000
-52.620000, 1.805000, 31.513000, -1287.500000
-52.620000, 1.805000, 31.513000, -1281.500000
-52.620000, 1.805000, 31.513000, -1281.500000
-52.620000, 1.805000, 31.513000, -1287.500000
-52.620000, 1.805000, 31.513000, -1059.500000
-52.620000, 1.805000, 31.513000, -945.500000
-52.620000, 1.805000, 31.513000, -868.500000
-52.620000, 1.805000, 31.513000, -31.000000
-52.605000, 1.828000, 31.455000, -157.000000
-52.616000, 1.810000, 31.455000, -240.000000
-52.616000, 1.810000, 31.455000, -111.000000
-52.605000, 1.828000, 31.455000, 3.000000
-52.601000, 1.834000, 31.455000, -6.000000
-52.601000, 1.834000, 31.455000, 0.000000
-52.590000, 1.853000, 31.455000, 0.000000
-52.575000, 1.877000, 31.455000, 6.000000
-52.572000, 1.883000, 31.398000, 0.000000
-52.575000, 1.877000, 31.455000, 0.000000
-52.572000, 1.883000, 31.398000, 3.000000
-52.572000, 1.883000, 31.398000, 0.000000
-52.572000, 1.883000, 31.398000, -3.000000
-52.575000, 1.877000, 31.455000, 0.000000
-52.571000, 1.884000, 31.455000, 0.000000
-52.571000, 1.884000, 31.455000, 0.000000
-52.571000, 1.884000, 31.455000, -3.000000
-52.568000, 1.889000, 31.398000, 0.000000
-52.571000, 1.884000, 31.455000, -3.000000
-52.571000, 1.884000, 31.455000, 0.000000
-52.571000, 1.884000, 31.455000, -3.000000
-52.571000, 1.884000, 31.455000, 0.000000
-52.571000, 1.884000, 31.455000, -3.000000
-52.571000, 1.884000, 31.455000, 0.000000
-52.571000, 1.884000, 31.455000, 0.000000
-52.571000, 1.884000, 31.455000, 0.000000
-52.571000, 1.884000, 31.455000, 3.000000
-52.530000, 1.951000, 31.455000, 1010.500000
-52.440000, 2.099000, 31.455000, 1075.000000
-52.391000, 2.178000, 31.455000, 1143.000000
-52.368000, 2.216000, 31.513000, 1201.500000
-52.323000, 2.290000, 31.513000, 1210.500000
-52.289000, 2.345000, 31.513000, 1213.500000
-52.251000, 2.406000, 31.513000, 1213.500000
-52.191000, 2.504000, 31.513000, 1210.500000
-52.139000, 2.590000, 31.455000, 1213.500000
-52.083000, 2.681000, 31.398000, 1216.500000
-52.038000, 2.755000, 31.398000, 1210.500000
-51.982000, 2.847000, 31.398000, 1216.500000
-51.918000, 2.951000, 31.398000, 1223.000000
-51.862000, 3.043000, 31.341000, 1225.500000
-51.788000, 3.165000, 31.283000, 1232.000000
-51.721000, 3.275000, 31.226000, 1228.500000
-51.658000, 3.380000, 31.226000, 1226.000000
-51.583000, 3.503000, 31.283000, 1226.000000
-51.518000, 3.609000, 31.341000, 1229.000000
-51.432000, 3.751000, 31.398000, 1232.000000
-51.357000, 3.874000, 31.398000, 1238.000000
-51.292000, 3.979000, 31.455000, 1235.000000
-51.202000, 4.126000, 31.455000, 1235.000000
-51.127000, 4.249000, 31.455000, 1238.000000
-51.033000, 4.403000, 31.455000, 1244.500000
-50.954000, 4.532000, 31.455000, 1241.500000
-50.879000, 4.655000, 31.455000, 1025.500000
-50.793000, 4.796000, 31.455000, 0
endData